0.9986359641585718,14,24
-0.03902889729084426,-0.020297172770291153,-0.020297172770291153,0.2138706877198602,0.2607031551669078,-0.3762236097532863,-1.2192380071839584,-1.6781415868450238,-1.8186689725699823,-1.8561482023394125,-1.7343998833199794,-1.4721241785755876,-1.3877761856839645,-1.3315967928506294,-1.2473277036006263,-1.2098484738311959,-1.0693210881062376,-0.8070453833618461,-0.5073535717613201,-0.27319123452608224,-0.11395579537305672,0.06400347793635988,0.32627129231658947,0.5510677672915509,0.635368417998202,0.7102953160804144,0.7290270406009676,0.7290270406009676,0.7664983800062356,0.7852301045267889,0.8226935535678951,0.8507990307128867,0.8788966174937165,0.9350917910553757,0.9725473497323198,1.0100265795017502,1.0568953426239427,1.1036852021045158,1.159864594937851,1.187954291354519,1.1973438247072814,1.2348230544767116,
0.7827315205218933,10,8
0.4175620455231736,0.35351773550901566,0.32149093759124986,0.28946413967348406,0.2040745120676855,0.2147494923188492,0.12935522180236383,0.11868117013333751,0.08665901512625854,0.05463500295490483,0.011938796278799495,-0.020088001638966315,-0.06278420831507162,-0.06278420831507162,-0.052105513735358454,-0.06278420831507162,-0.08413231165312429,-0.09480172041146379,-0.09480172041146379,-0.08413231165312429,-0.08413231165312429,0.2040745120676855,0.19340046039865919,-0.5858173830080485,-1.439741516530155,-1.994847918247766,-2.176292867889153,-2.2402721771536953,-2.16561417330944,-1.856024888711495,-1.6745799390701077,-1.5998290770121155,-1.4717776002692944,-1.3756693490518759,-1.1621883156713493,-0.8847279730262804,-0.6071654863461012,-0.31896144837170354,-0.12682851832922956,0.08665901512625854,0.35351773550901566,0.588346872227595,0.759131698932016,0.85520280686394,0.8872203189603322,0.8658722156222795,0.9085684222983847,0.9512739147958637,1.0046395302303086,1.0259876335683613,1.0686838402444665,1.1220308840361641,1.2074604406738692,1.2715326081521483,1.2928899973115746,1.3355119174166905,1.3889053903152564,1.3889053903152564,1.4209414740543957,
0.7827315205218933,22,36
-2.166327316404225,-2.1381087566023216,-2.0393437972956585,-1.771121269023159,-1.375915221642093,-1.248931702533526,-1.0372193989420413,-0.8113247103723976,-0.7125597510657347,-0.43027180593860753,-0.20444291193845016,-0.035073069065262225,0.06372990488154842,0.1907587491379835,0.34601638790713124,0.5012769508793673,0.5577286914986163,0.5718452819072887,0.6000784627246338,0.6141877426255856,0.6141877426255856,0.6283043330342583,0.6706467937525552,0.6988726640621796,0.7271058448795248,0.7835648960064943,0.8259073567247912,0.8682644384585296,0.8682644384585296,0.938810837963289,0.9811386776661446,0.9670293977651927,0.9529201178642407,
0.7774982977594274,19,29
-0.40466565888763917,-0.3058200693337223,0.02365468954134005,-0.16304851158729225,-0.9647825589459933,-1.5798109729519096,-1.8543280056205138,-1.9641834631710038,-2.0410417463871395,-1.8982701886407096,-1.6346981646579475,-1.5798109729519096,-1.5028716155973598,-1.4150683236953812,-1.3820711493610276,-1.1404702168883634,-0.9428114674358954,-0.7011862127217069,-0.43760608132510337,-0.34974603752623556,-0.02027452161670974,0.2103546477044358,0.35312620545086587,0.4190232651534771,0.45197179500478274,0.4849203248560883,0.5617948228999071,0.5837578069961638,0.6276918826025184,0.6935889423051296,0.7485004562526919,0.8034443998556196,0.9242448660919516,0.9571609662878917,0.9571609662878917,1.0120481579939298,1.1328486242302618,1.1328486242302618,1.1548197157403601,1.0999325240343218,1.176790807250458,1.0999325240343218,0.9791320577979896,0.9242448660919516,0.8254154913657173,0.7045663806463373,0.6057288985062618,0.45197179500478274,0.4190232651534771,0.34214876710965825,0.276251707407047,0.1444656954156659,
0.6384873163258508,1,35
-2.153748485199985,-1.8322765195893467,-1.5888007759205254,-1.5206026835546496,-1.4329638579031767,-1.2771269398858283,-1.209006610453095,-0.9752512334270722,-0.7901754525481852,-0.5077171504950839,-0.2739617734690611,-0.09865301699285824,0.07666196051799601,0.3201548120321088,0.4662480345267159,0.5344227980126488,0.5441664935353901,0.5831257230397273,0.612341257021323,0.6318208717734917,0.6902597160299974,0.7292189455343344,0.7681781750386716,0.8265936904152346,0.8461121866339745,0.9045121494239089,0.9629898751469858,0.9921509750753819,1.0213898379369202,1.0798675636599973,1.070069434084056,
0.5725373093855174,20,32
-2.1639925712438055,-2.0451430480077843,-1.9560607592068773,-1.8372843741390015,-1.406646840099806,-1.2433293106314767,-1.020550450461064,-0.84238587285925,-0.69384225335626,-0.4562748555868791,-0.2780883365346217,-0.11474155179903421,0.018903822852769776,0.10799927652394287,0.2861945721563778,0.4346869949416662,0.5831794177269547,0.6128808278107383,0.6128808278107383,0.6574292860280062,0.6574292860280062,0.6871233822949752,0.6722763341614907,0.7019777442452743,0.7762202987295113,0.7910746606798101,0.7910746606798101,0.8653172151640472,0.9098583595645007,0.9247054076979851,0.9692465520984386,0.984093600231923,1.013787696498892,
0.4530006976752019,8,28
1.4121317643139815,0.5313290340114819,-0.5667598403562758,-1.1502325579727881,-1.310320295214246,-1.4590135523343997,-1.3903641638349749,-0.9442843924745133,-0.704058617355126,-0.5439708801136683,-0.40667210311481833,-0.2922564556157767,-0.09779693949600603,0.21107822412280605,0.5198968861872979,0.8630590763529422,1.0117711673245362,1.2634253234978194,1.4350054768880698,1.618032845183656,
0.449299619988272,1,0
-0.22253643199396705,0.22773064922212666,0.0025881206491875767,0.07763163552243744,0.6780157063680048,0.7530652132178495,1.2783937852369776,1.8787898400357346,1.7286908263360452,1.8787898400357346,0.828114720067694,1.0532752245704176,0.828114720067694,0.45287317779506575,0.22773064922212666,0.0025881206491875767,-0.5227344593933456,-0.2976158987267857,-0.6728334730930348,-0.6728334730930348,-1.498348088558352,-1.048110967225232,-0.8980119535255425,-1.1982099809249211,-1.4233285415914811,-1.2732295278917918,-0.822932486792724,-1.498348088558352,0.15268114237228209,
0.2639348043883858,20,0
0.48972116254548914,0.45433479792541165,0.45433479792541165,0.5604590455378644,0.6312143516541294,0.6665832931503171,0.7373385992665822,0.5958454101579418,0.5250901040416768,0.48972116254548914,0.34821751956251484,0.27746918269580567,0.34821751956251484,0.20672084582909653,0.24209501426245109,0.171344935083353,0.171344935083353,0.171344935083353,0.06522242978328925,-0.00553113402058684,0.06522242978328925,0.06522242978328925,-0.00553113402058684,0.029848261349934672,-0.00553113402058684,-0.07626901701296213,-0.07626901701296213,0.1359707666499984,0.20672084582909653,-0.7484008673077559,-2.6585850549602354,-4.5334874167359756,
0.24425210182506185,8,0
-0.00897513733715306,0.11671817441340657,0.5566214842107552,0.9337272876064453,1.1222543211602793,1.8763624553756146,1.499308388267947,1.3736409446613984,1.4364487983206613,0.8080081077118745,0.3680944506569213,0.7451485177645891,0.5566214842107552,0.3680944506569213,-0.00897513733715306,-0.07181920639803174,-0.3232006562703488,-0.6374261752035445,-0.9516465205079379,-0.8887869305606525,-1.0145061104552233,-1.2658927339563426,-1.2658927339563426,-0.8259583823861806,-1.5172793574574621,-1.5172793574574621,-1.5172793574574621,0.053868931723725665,
0.1874674880534477,8,48
-0.5769684855713567,-0.47311595105230364,-0.47311595105230364,-0.33463640516095383,-0.09230432475055117,-0.16155834749514467,-0.16155834749514467,0.01154820976850194,0.18462626743431107,0.3231058133256609,0.49621237058930756,0.5654378937360639,0.7732284615676819,0.8769669976953858,1.0154750431845727,1.18846760205687,1.3617451569075403,1.2577216248014635,1.2924911341629468,1.2577216248014635,1.1539830886737596,0.8424824843122753,0.5308393819616043,0.25388029017890457,-0.057705812976091564,-0.33463640516095383,-0.6462225083159503,-1.027034134617703,-1.338591738174862,-1.5809238185852648,-1.8578857603277483,-2.065599379245205,-2.204076075176771,
